{"name":"my_name","description":"my comment","parameter":{"S":{"partition_id":"identical_population","group":{"all":{"min":0.95,"guess":0.95212,"max":1,"sd_transf":0.02,"distribution":"uniform","transformation":"logit"}}},"I1":{"partition_id":"identical_population","group":{"all":{"min":3,"guess":6.62068,"max":8,"sd_transf":0.01,"distribution":"uniform","transformation":"scale_pow10_neg"}}},"I2":{"partition_id":"identical_population","group":{"all":{"min":3,"guess":5.13515,"max":8,"sd_transf":0.01,"distribution":"uniform","transformation":"scale_pow10_neg"}}},"R1":{"partition_id":"identical_population","group":{"all":{"min":0,"guess":0,"max":0,"sd_transf":0,"distribution":"uniform","transformation":"log"}}},"R2":{"partition_id":"identical_population","group":{"all":{"min":0,"guess":0,"max":0,"sd_transf":0,"distribution":"uniform","transformation":"log"}}},"S1":{"partition_id":"identical_population","group":{"all":{"min":0,"guess":0.000407626,"max":0.05,"sd_transf":0.02,"distribution":"uniform","transformation":"logit"}}},"S2":{"partition_id":"identical_population","group":{"all":{"min":0,"guess":0.0130677,"max":0.05,"sd_transf":0.02,"distribution":"uniform","transformation":"logit"}}},"I12":{"partition_id":"identical_population","group":{"all":{"min":0,"guess":0,"max":0,"sd_transf":0,"distribution":"uniform","transformation":"logit"}}},"I21":{"partition_id":"identical_population","group":{"all":{"min":0,"guess":0,"max":0,"sd_transf":0,"distribution":"uniform","transformation":"logit"}}},"beta":{"partition_id":"identical_population","group":{"all":{"min":3,"guess":15.2554,"max":20,"sd_transf":0.02,"distribution":"normal","unit":"M","transformation":"log"}}},"psi":{"partition_id":"identical_population","group":{"all":{"min":0,"guess":1.64761,"max":2,"sd_transf":0.02,"distribution":"uniform","transformation":"log"}}},"i":{"partition_id":"identical_population","group":{"all":{"min":3,"guess":7.94314,"max":8,"sd_transf":0.02,"distribution":"uniform","transformation":"scale_pow10_neg"}}},"gamma":{"partition_id":"identical_population","group":{"all":{"min":3,"guess":2.44132,"max":9,"sd_transf":0.02,"distribution":"normal","unit":"D","transformation":"log","type":"rate_as_duration"}}},"alpha":{"partition_id":"identical_population","group":{"all":{"min":150,"guess":416.772,"max":450,"sd_transf":0.02,"distribution":"normal","unit":"D","transformation":"log","type":"rate_as_duration"}}},"sto":{"partition_id":"identical_population","group":{"all":{"min":0.1,"guess":0.1,"max":0.1,"sd_transf":0,"distribution":"uniform","transformation":"log"}}},"e":{"partition_id":"identical_population","group":{"all":{"min":0,"guess":0.383287,"max":0.6,"sd_transf":0.02,"distribution":"uniform","transformation":"log"}}},"d":{"partition_id":"identical_population","group":{"all":{"min":-1,"guess":0.442925,"max":1,"sd_transf":0.02,"distribution":"uniform","transformation":"logit_ab"}}},"rep":{"partition_id":"variable_time_series","group":{"MadeiraMildCases__ecdc__inc":{"transformation":"logit","min":0,"max":1,"guess":0.87343,"sd_transf":0.02,"distribution":"uniform"},"MadeiraSevereCases__ecdc__inc":{"transformation":"logit","min":1,"max":1,"guess":1,"sd_transf":0,"distribution":"uniform"}},"transformation":"log"},"phi":{"partition_id":"identical_time_series","group":{"all":{"min":0.1,"guess":0.1,"max":0.1,"sd_transf":0,"distribution":"uniform","transformation":"logit"}}}},"type":"theta","partition":{"variable_population":{"group":[{"id":"Madeira__all","population_id":["Madeira__all"]}]},"variable_time_series":{"group":[{"id":"MadeiraMildCases__ecdc__inc","time_series_id":["MadeiraMildCases__ecdc__inc"]},{"id":"MadeiraSevereCases__ecdc__inc","time_series_id":["MadeiraSevereCases__ecdc__inc"]}]},"identical_population":{"group":[{"id":"all","population_id":["Madeira__all"]}]},"identical_time_series":{"group":[{"id":"all","time_series_id":["MadeiraMildCases__ecdc__inc","MadeiraSevereCases__ecdc__inc"]}]}},"covariance":[["S:all","I1:all","I2:all","R1:all","R2:all","S1:all","S2:all","I12:all","I21:all","beta:all","psi:all","i:all","gamma:all","alpha:all","e:all","d:all","sto:all","rep:MadeiraMildCases__ecdc__inc","rep:MadeiraSevereCases__ecdc__inc","phi:all"],[0.64618,-0.00153252,-0.0013454,0,0,-0.475092,-0.117071,0,0,-0.00959919,0.116417,-0.203587,-0.00368122,-0.0508381,-0.0287269,-0.0135585,0,0.126466,0,0],[-0.00153252,0.0471713,0.00487399,0,0,-0.0393908,0.0347273,0,0,0.00465158,-0.0956857,0.00621639,-0.0025849,0.00063681,0.0155709,0.0046731,0,-0.0171474,0,0],[-0.0013454,0.00487399,0.0226096,0,0,0.0670921,0.0454444,0,0,0.010374,-0.033127,0.00788406,-0.00652802,-0.00442762,0.00169213,0.00542232,0,-0.00802811,0,0],[0,0,0,0,0,0,0,0,0,0,0,0,0,0,0,0,0,0,0,0],[0,0,0,0,0,0,0,0,0,0,0,0,0,0,0,0,0,0,0,0],[-0.475092,-0.0393908,0.0670921,0,0,0.720527,0.226666,0,0,0.0453908,0.0276078,0.207056,-0.0238645,0.0204146,0.0278728,0.0245826,0,-0.160524,0,0],[-0.117071,0.0347273,0.0454444,0,0,0.226666,0.211607,0,0,0.0293056,-0.121394,0.109507,-0.0122222,0.00649071,0.0284787,0.0221056,0,-0.117335,0,0],[0,0,0,0,0,0,0,0,0,0,0,0,0,0,0,0,0,0,0,0],[0,0,0,0,0,0,0,0,0,0,0,0,0,0,0,0,0,0,0,0],[-0.00959919,0.00465158,0.010374,0,0,0.0453908,0.0293056,0,0,0.00637502,-0.0128511,0.0109753,-0.00401386,-0.00153609,0.0037128,0.00332675,0,-0.0135486,0,0],[0.116417,-0.0956857,-0.033127,0,0,0.0276078,-0.121394,0,0,-0.0128511,0.624784,-0.0464424,-0.0018134,-0.00298623,0.0586607,-0.0188842,0,0.0238741,0,0],[-0.203587,0.00621639,0.00788406,0,0,0.207056,0.109507,0,0,0.0109753,-0.0464424,0.179755,0.0000926605,0.0222867,0.0257735,0.0115433,0,-0.0849411,0,0],[-0.00368122,-0.0025849,-0.00652802,0,0,-0.0238645,-0.0122222,0,0,-0.00401386,-0.0018134,0.0000926605,0.00318314,0.00229828,-0.00264719,-0.00146939,0,0.00443217,0,0],[-0.0508381,0.00063681,-0.00442762,0,0,0.0204146,0.00649071,0,0,-0.00153609,-0.00298623,0.0222867,0.00229828,0.00715364,0.00621051,0.000588763,0,-0.00847024,0,0],[-0.0287269,0.0155709,0.00169213,0,0,0.0278728,0.0284787,0,0,0.0037128,0.0586607,0.0257735,-0.00264719,0.00621051,0.0569719,0.00257953,0,-0.032106,0,0],[-0.0135585,0.0046731,0.00542232,0,0,0.0245826,0.0221056,0,0,0.00332675,-0.0188842,0.0115433,-0.00146939,0.000588763,0.00257953,0.00245293,0,-0.0113582,0,0],[0,0,0,0,0,0,0,0,0,0,0,0,0,0,0,0,0,0,0,0],[0.126466,-0.0171474,-0.00802811,0,0,-0.160524,-0.117335,0,0,-0.0135486,0.0238741,-0.0849411,0.00443217,-0.00847024,-0.032106,-0.0113582,0,0.13256,0,0],[0,0,0,0,0,0,0,0,0,0,0,0,0,0,0,0,0,0,0,0],[0,0,0,0,0,0,0,0,0,0,0,0,0,0,0,0,0,0,0,0]]}
