{"parameter": {"S": {"partition_id": "variable_population", "group": {"Madeira__all": {"transformation": "logit", "guess": 0.93980176255733172, "max": 1, "min": 0.94999999999999996, "sd_transf": 0.02, "distribution": "uniform"}}}, "I1": {"partition_id": "variable_population", "group": {"Madeira__all": {"transformation": "logit", "guess": 4.5470829804545676e-6, "max": 1, "min": 0, "sd_transf": 0.01, "distribution": "uniform"}}}, "I2": {"partition_id": "variable_population", "group": {"Madeira__all": {"transformation": "logit", "guess": 1.5979534063059175e-6, "max": 1, "min": 0, "sd_transf": 0.01, "distribution": "uniform"}}}, "R1": {"partition_id": "variable_population", "group": {"Madeira__all": {"transformation": "logit", "guess": 0.012906317760107614, "max": 1, "min": 0, "sd_transf": 0.01, "distribution": "uniform"}}}, "R2": {"partition_id": "variable_population", "group": {"Madeira__all": {"transformation": "logit", "guess": 0.0078466519271978372, "max": 1, "min": 0, "sd_transf": 0.01, "distribution": "uniform"}}}, "beta": {"partition_id": "identical_population", "group": {"all": {"min": 3, "transformation": "log", "guess": 15.133699999999997, "max": 20, "sd_transf": 0.02, "distribution": "normal", "unit": "M"}}}, "S1": {"partition_id": "variable_population", "group": {"Madeira__all": {"transformation": "logit", "guess": 0.0031940751608758289, "max": 0.050000000000000003, "min": 0, "sd_transf": 0.02, "distribution": "uniform"}}}, "gamma": {"partition_id": "identical_population", "group": {"all": {"min": 3, "transformation": "log", "guess": 1.4450400000000001, "max": 9, "sd_transf": 0.02, "type": "rate_as_duration", "distribution": "normal", "unit": "D"}}}, "psi": {"partition_id": "identical_population", "group": {"all": {"min": 0, "transformation": "log", "guess": 0.348549, "max": 2, "sd_transf": 0.02, "distribution": "uniform"}}}, "d": {"partition_id": "identical_population", "group": {"all": {"min": -1, "transformation": "logit_ab", "guess": -0.80865900000000013, "max": 1, "sd_transf": 0.02, "distribution": "uniform"}}}, "S2": {"partition_id": "variable_population", "group": {"Madeira__all": {"transformation": "logit", "guess": 0.019018335053820213, "max": 0.050000000000000003, "min": 0, "sd_transf": 0.02, "distribution": "uniform"}}}, "I12": {"partition_id": "variable_population", "group": {"Madeira__all": {"transformation": "logit", "guess": 9.9999999999999899e-18, "max": 0, "min": 0, "sd_transf": 0, "distribution": "uniform"}}}, "sto": {"partition_id": "identical_population", "group": {"all": {"min": 0.10000000000000001, "transformation": "log", "guess": 0.10000000000000002, "max": 0.10000000000000001, "sd_transf": 0, "distribution": "uniform"}}}, "I21": {"partition_id": "variable_population", "group": {"Madeira__all": {"transformation": "logit", "guess": 1.8382707369335794e-15, "max": 0, "min": 0, "sd_transf": 0, "distribution": "uniform"}}}, "alpha": {"partition_id": "identical_population", "group": {"all": {"min": 150, "transformation": "log", "guess": 278.93899999999991, "max": 450, "sd_transf": 0.02, "type": "rate_as_duration", "distribution": "normal", "unit": "D"}}}, "i": {"partition_id": "identical_population", "group": {"all": {"min": 0, "transformation": "log", "guess": 9.9185999999999957e-13, "max": 0.001, "sd_transf": 0.02, "distribution": "uniform"}}}, "rep": {"partition_id": "variable_time_series", "transformation": "log", "group": {"MadeiraMildCases__ecdc__inc": {"sd_transf": 0.02, "max": 1, "guess": 0.46067200000000003, "transformation": "logit", "min": 0, "distribution": "uniform"}, "MadeiraSevereCases__ecdc__inc": {"sd_transf": 0.02, "max": 1, "guess": 0.91061599999999998, "transformation": "logit", "min": 0.90000000000000002, "distribution": "uniform"}}}, "e": {"partition_id": "identical_population", "group": {"all": {"min": 0, "transformation": "log", "guess": 0.53392600000000001, "max": 0.59999999999999998, "sd_transf": 0.02, "distribution": "uniform"}}}, "phi": {"partition_id": "identical_time_series", "group": {"all": {"min": 0.10000000000000001, "transformation": "logit", "guess": 0.10000000000000003, "max": 0.10000000000000001, "sd_transf": 0, "distribution": "uniform"}}}}, "description": "my comment", "partition": {"variable_population": {"group": [{"id": "Madeira__all", "population_id": ["Madeira__all"]}]}, "variable_time_series": {"group": [{"id": "MadeiraMildCases__ecdc__inc", "time_series_id": ["MadeiraMildCases__ecdc__inc"]}, {"id": "MadeiraSevereCases__ecdc__inc", "time_series_id": ["MadeiraSevereCases__ecdc__inc"]}]}, "identical_population": {"group": [{"id": "all", "population_id": ["Madeira__all"]}]}, "identical_time_series": {"group": [{"id": "all", "time_series_id": ["MadeiraMildCases__ecdc__inc", "MadeiraSevereCases__ecdc__inc"]}]}}, "name": "my_name", "type": "theta", "covariance": [["S:all", "I1:all", "I2:all", "R1:all", "R2:all", "S1:all", "S2:all", "I12:all", "I21:all", "beta:all", "psi:all", "i:all", "gamma:all", "alpha:all", "e:all", "d:all", "sto:all", "rep:MadeiraMildCases__ecdc__inc", "rep:MadeiraSevereCases__ecdc__inc", "phi:all"], [1.5408900000000001, 0.082145300000000004, -0.0056686499999999999, -0.070557599999999998, -0.358323, 0.060577400000000003, -0.248168, 0, 0, -0.0044938900000000004, -0.31470199999999998, -0.12540200000000001, -0.0079090199999999992, -0.0089262500000000002, -0.029680000000000002, -0.0046945900000000002, 0, -0.029843700000000001, 0.13223699999999999, 0], [0.082145300000000004, 2.2461600000000002, 0.102496, 0.45552100000000001, 0.0443384, 0.447521, -0.21698799999999999, 0, 0, 0.0047781300000000002, 0.0084636599999999996, 0.0173023, -0.0054414099999999998, 0.0037611699999999999, -0.051974699999999999, 0.0011144099999999999, 0, -0.22712199999999999, 0.251805, 0], [-0.0056686499999999999, 0.102496, 0.25081599999999998, -0.082826999999999998, 0.015073700000000001, -0.078680600000000003, -0.013809800000000001, 0, 0, -0.0299514, 0.096829399999999996, 0.15210399999999999, 0.023474999999999999, 0.0038108399999999998, -0.0041505999999999999, -0.025515199999999998, 0, -0.16896, -0.079936999999999994, 0], [-0.070557599999999998, 0.45552100000000001, -0.082826999999999998, 1.6813899999999999, -0.12776599999999999, 0.37607400000000002, 0.18811900000000001, 0, 0, 0.028899399999999999, -0.27739399999999997, -0.481653, -0.0042029600000000004, 0.019991399999999999, -0.33052399999999998, 0.047042, 0, 0.28052199999999999, 0.060002399999999997, 0], [-0.358323, 0.0443384, 0.015073700000000001, -0.12776599999999999, 0.56282699999999997, -0.100559, -0.103228, 0, 0, -0.0127344, 0.29362199999999999, 0.11205, 0.010747700000000001, 0.0131036, 0.064482800000000007, -0.0017546899999999999, 0, -0.028650800000000001, -0.016350300000000002, 0], [0.060577400000000003, 0.447521, -0.078680600000000003, 0.37607400000000002, -0.100559, 1.68079, -0.0448782, 0, 0, -0.00230802, -0.51068100000000005, -0.30165900000000001, 0.0068416099999999997, -0.0132131, -0.107638, 0.0118339, 0, 0.029127799999999999, -0.10047399999999999, 0], [-0.248168, -0.21698799999999999, -0.013809800000000001, 0.18811900000000001, -0.103228, -0.0448782, 1.42035, 0, 0, 0.0040453800000000003, -0.156697, 0.015910899999999999, -0.0042125900000000004, -0.0190373, -0.052144000000000003, -0.0041040699999999996, 0, 0.196382, -0.215891, 0], [0, 0, 0, 0, 0, 0, 0, 0, 0, 0, 0, 0, 0, 0, 0, 0, 0, 0, 0, 0], [0, 0, 0, 0, 0, 0, 0, 0, 0, 0, 0, 0, 0, 0, 0, 0, 0, 0, 0, 0], [-0.0044938900000000004, 0.0047781300000000002, -0.0299514, 0.028899399999999999, -0.0127344, -0.00230802, 0.0040453800000000003, 0, 0, 0.040686100000000003, -0.0030975500000000001, -0.039631300000000001, -0.040912900000000002, -0.0017347, -0.046499199999999997, -0.0064481399999999998, 0, -0.027745300000000001, 0.027390899999999999, 0], [-0.31470199999999998, 0.0084636599999999996, 0.096829399999999996, -0.27739399999999997, 0.29362199999999999, -0.51068100000000005, -0.156697, 0, 0, -0.0030975500000000001, 2.5131700000000001, 0.39867000000000002, -0.0093778899999999998, 0.017702099999999998, 0.15637100000000001, -0.017013799999999999, 0, -0.041814900000000002, 0.19035199999999999, 0], [-0.12540200000000001, 0.0173023, 0.15210399999999999, -0.481653, 0.11205, -0.30165900000000001, 0.015910899999999999, 0, 0, -0.039631300000000001, 0.39867000000000002, 2.2482899999999999, -0.0031146500000000001, 0.018131899999999999, 0.54050399999999998, -0.081466399999999994, 0, -0.32071100000000002, 0.0230508, 0], [-0.0079090199999999992, -0.0054414099999999998, 0.023474999999999999, -0.0042029600000000004, 0.010747700000000001, 0.0068416099999999997, -0.0042125900000000004, 0, 0, -0.040912900000000002, -0.0093778899999999998, -0.0031146500000000001, 0.047235800000000001, 0.0032099300000000002, -0.00763972, 0.016683199999999999, 0, 0.030896400000000001, -0.026262000000000001, 0], [-0.0089262500000000002, 0.0037611699999999999, 0.0038108399999999998, 0.019991399999999999, 0.0131036, -0.0132131, -0.0190373, 0, 0, -0.0017347, 0.017702099999999998, 0.018131899999999999, 0.0032099300000000002, 0.0472881, -0.011361400000000001, 0.00152085, 0, 0.00385243, 0.0172362, 0], [-0.029680000000000002, -0.051974699999999999, -0.0041505999999999999, -0.33052399999999998, 0.064482800000000007, -0.107638, -0.052144000000000003, 0, 0, -0.046499199999999997, 0.15637100000000001, 0.54050399999999998, -0.00763972, -0.011361400000000001, 0.87114899999999995, -0.058975800000000002, 0, 0.0114725, 0.038156599999999999, 0], [-0.0046945900000000002, 0.0011144099999999999, -0.025515199999999998, 0.047042, -0.0017546899999999999, 0.0118339, -0.0041040699999999996, 0, 0, -0.0064481399999999998, -0.017013799999999999, -0.081466399999999994, 0.016683199999999999, 0.00152085, -0.058975800000000002, 0.0295033, 0, 0.030435899999999998, 0.00381782, 0], [0, 0, 0, 0, 0, 0, 0, 0, 0, 0, 0, 0, 0, 0, 0, 0, 0, 0, 0, 0], [-0.029843700000000001, -0.22712199999999999, -0.16896, 0.28052199999999999, -0.028650800000000001, 0.029127799999999999, 0.196382, 0, 0, -0.027745300000000001, -0.041814900000000002, -0.32071100000000002, 0.030896400000000001, 0.00385243, 0.0114725, 0.030435899999999998, 0, 1.0830299999999999, 0.0060088600000000004, 0], [0.13223699999999999, 0.251805, -0.079936999999999994, 0.060002399999999997, -0.016350300000000002, -0.10047399999999999, -0.215891, 0, 0, 0.027390899999999999, 0.19035199999999999, 0.0230508, -0.026262000000000001, 0.0172362, 0.038156599999999999, 0.00381782, 0, 0.0060088600000000004, 2.2264499999999998, 0], [0, 0, 0, 0, 0, 0, 0, 0, 0, 0, 0, 0, 0, 0, 0, 0, 0, 0, 0, 0]]}