{"parameter": {"S": {"partition_id": "identical_population", "group": {"all": {"min": 0.94999999999999996, "transformation": "logit", "guess": 0.96451639656542643, "max": 1, "sd_transf": 0.02, "distribution": "uniform"}}}, "I1": {"partition_id": "identical_population", "group": {"all": {"min": 0, "transformation": "logit", "guess": 1.8351173245327126e-9, "max": 1, "sd_transf": 0.01, "distribution": "uniform"}}}, "I2": {"partition_id": "identical_population", "group": {"all": {"min": 0, "transformation": "logit", "guess": 0.0002027834074952014, "max": 1, "sd_transf": 0.01, "distribution": "uniform"}}}, "R1": {"partition_id": "identical_population", "group": {"all": {"min": 0, "transformation": "logit", "guess": 7.310871108443192e-8, "max": 1, "sd_transf": 0.01, "distribution": "uniform"}}}, "R2": {"partition_id": "identical_population", "group": {"all": {"min": 0, "transformation": "logit", "guess": 0.0010400085278203038, "max": 1, "sd_transf": 0.01, "distribution": "uniform"}}}, "beta": {"partition_id": "identical_population", "group": {"all": {"min": 3, "transformation": "log", "guess": 15.133728111959991, "max": 20, "sd_transf": 0.02, "distribution": "normal", "unit": "M"}}}, "S1": {"partition_id": "identical_population", "group": {"all": {"min": 0, "transformation": "logit", "guess": 7.9589226107200223e-8, "max": 0.050000000000000003, "sd_transf": 0.02, "distribution": "uniform"}}}, "gamma": {"partition_id": "identical_population", "group": {"all": {"min": 3, "transformation": "log", "guess": 1.4450368020698821, "max": 9, "sd_transf": 0.02, "type": "rate_as_duration", "distribution": "normal", "unit": "D"}}}, "psi": {"partition_id": "identical_population", "group": {"all": {"min": 0, "transformation": "log", "guess": 0.34854926096607225, "max": 2, "sd_transf": 0.02, "distribution": "uniform"}}}, "d": {"partition_id": "identical_population", "group": {"all": {"min": -1, "transformation": "logit_ab", "guess": -0.80865860923238597, "max": 1, "sd_transf": 0.02, "distribution": "uniform"}}}, "S2": {"partition_id": "identical_population", "group": {"all": {"min": 0, "transformation": "logit", "guess": 0.0027564994428375773, "max": 0.050000000000000003, "sd_transf": 0.02, "distribution": "uniform"}}}, "I12": {"partition_id": "identical_population", "group": {"all": {"min": 0, "transformation": "logit", "guess": 0.0, "max": 0, "sd_transf": 0, "distribution": "uniform"}}}, "sto": {"partition_id": "identical_population", "group": {"all": {"min": 0.10000000000000001, "transformation": "log", "guess": 0.10000000000000001, "max": 0.10000000000000001, "sd_transf": 0, "distribution": "uniform"}}}, "I21": {"partition_id": "identical_population", "group": {"all": {"min": 0, "transformation": "logit", "guess": 0.0, "max": 0, "sd_transf": 0, "distribution": "uniform"}}}, "alpha": {"partition_id": "identical_population", "group": {"all": {"min": 150, "transformation": "log", "guess": 278.93895502922038, "max": 450, "sd_transf": 0.02, "type": "rate_as_duration", "distribution": "normal", "unit": "D"}}}, "i": {"partition_id": "identical_population", "group": {"all": {"min": 0, "transformation": "log", "guess": 9.9186009783163552e-13, "max": 0.001, "sd_transf": 0.02, "distribution": "uniform"}}}, "rep": {"partition_id": "variable_time_series", "transformation": "log", "group": {"MadeiraMildCases__ecdc__inc": {"sd_transf": 0.02, "max": 1, "guess": 0.46067206908799108, "transformation": "logit", "min": 0, "distribution": "uniform"}, "MadeiraSevereCases__ecdc__inc": {"sd_transf": 0.02, "max": 1, "guess": 0.9106159055029116, "transformation": "logit", "min": 0.90000000000000002, "distribution": "uniform"}}}, "e": {"partition_id": "identical_population", "group": {"all": {"min": 0, "transformation": "log", "guess": 0.53392636760011958, "max": 0.59999999999999998, "sd_transf": 0.02, "distribution": "uniform"}}}, "phi": {"partition_id": "identical_time_series", "group": {"all": {"min": 0.10000000000000001, "transformation": "logit", "guess": 0.10000000000000001, "max": 0.10000000000000001, "sd_transf": 0, "distribution": "uniform"}}}}, "description": "my comment", "partition": {"variable_population": {"group": [{"id": "Madeira__all", "population_id": ["Madeira__all"]}]}, "variable_time_series": {"group": [{"id": "MadeiraMildCases__ecdc__inc", "time_series_id": ["MadeiraMildCases__ecdc__inc"]}, {"id": "MadeiraSevereCases__ecdc__inc", "time_series_id": ["MadeiraSevereCases__ecdc__inc"]}]}, "identical_population": {"group": [{"id": "all", "population_id": ["Madeira__all"]}]}, "identical_time_series": {"group": [{"id": "all", "time_series_id": ["MadeiraMildCases__ecdc__inc", "MadeiraSevereCases__ecdc__inc"]}]}}, "name": "my_name", "type": "theta", "covariance": [["S:all", "I1:all", "I2:all", "R1:all", "R2:all", "S1:all", "S2:all", "I12:all", "I21:all", "beta:all", "psi:all", "i:all", "gamma:all", "alpha:all", "e:all", "d:all", "sto:all", "rep:MadeiraMildCases__ecdc__inc", "rep:MadeiraSevereCases__ecdc__inc", "phi:all"], [1.6013550410822417, 0.16288235964770978, 0.014752988133572582, -0.0050529643566684691, -0.22566673093277148, -0.0088441953329359523, -0.37571533041376531, 0.0, 0.0, 0.014695227348884248, -0.27024796189781103, 0.068058510773293029, -0.031745603030042938, -0.049353637177954213, 0.014954249886220856, -0.019565889202925422, 0.0, -0.048984309142338554, 0.088389380799222636, 0.0], [0.16288235964770978, 3.1240207600533516, 0.078176362722051251, 0.48146331925127606, 0.063240375175908622, 0.63456134219309912, -0.70553866458361969, 0.0, 0.0, 0.011639944190443719, 0.69636715018847373, 0.24876410009799071, -0.014684290527718472, -0.013342096234829329, -0.13664077522239071, -0.0004653521224248014, 0.0, 0.25145010213271696, 0.35763674592705164, 0.0], [0.014752988133572582, 0.078176362722051251, 0.20537794243295801, -0.051855303925296123, -0.020211447084022706, -0.084726821029304636, 0.23344061488556825, 0.0, 0.0, -0.035213355664493233, 0.015173093671440588, 0.16751631784490456, 0.029954380260363629, -0.021129764225046321, 0.019934182902626319, -0.01678561405104714, 0.0, -0.063975781518207583, 0.023403614465463778, 0.0], [-0.0050529643566684691, 0.48146331925127606, -0.051855303925296123, 1.5215661314279803, 0.18238398961879623, 0.30583246742269754, -0.25446440608397314, 0.0, 0.0, 0.034916941628466265, -0.073665563740374029, -0.25877363371617407, -0.034109233972488141, 0.052524689905621043, 0.00012217353493884474, 0.013121688815005472, 0.0, 0.33151391154119214, 0.15685848868144048, 0.0], [-0.22566673093277148, 0.063240375175908622, -0.020211447084022706, 0.18238398961879623, 1.4971782988950741, 0.32518645957497566, -0.10784157757712168, 0.0, 0.0, 0.037514577202440967, -0.051464664076703193, 0.53194082499590656, -0.055866722177784496, 0.039902476673549375, 0.1245766378554846, -0.024516819945886534, 0.0, 0.24299058658104716, 0.045774850404426366, 0.0], [-0.0088441953329359523, 0.63456134219309912, -0.084726821029304636, 0.30583246742269754, 0.32518645957497566, 2.0576735931975008, 0.088568064823033879, 0.0, 0.0, 0.051448733915483734, 0.21373516586429864, 0.35210287111234301, -0.06570801008584401, 0.0088445601459078895, -0.023862177063957952, -0.024469074992977648, 0.0, 0.26187840399810908, 0.38183602126965499, 0.0], [-0.37571533041376531, -0.70553866458361969, 0.23344061488556825, -0.25446440608397314, -0.10784157757712168, 0.088568064823033879, 3.1478145082776927, 0.0, 0.0, -0.017878884500125248, -0.034909871163630667, 0.46202803379695562, 0.00095633313241355882, -0.1070870739720881, 0.043117803443770128, -0.061444361185221862, 0.0, -0.2847046171075604, 0.44221871493474524, 0.0], [0.0, 0.0, 0.0, 0.0, 0.0, 0.0, 0.0, 0.0, 0.0, 0.0, 0.0, 0.0, 0.0, 0.0, 0.0, 0.0, 0.0, 0.0, 0.0, 0.0], [0.0, 0.0, 0.0, 0.0, 0.0, 0.0, 0.0, 0.0, 0.0, 0.0, 0.0, 0.0, 0.0, 0.0, 0.0, 0.0, 0.0, 0.0, 0.0, 0.0], [0.014695227348884248, 0.011639944190443719, -0.035213355664493233, 0.034916941628466265, 0.037514577202440967, 0.051448733915483734, -0.017878884500125248, 0.0, 0.0, 0.034687501751928432, 0.015116592495755102, 0.0022164884170530162, -0.037295017897105438, 0.00020683484974500028, -0.044545691172871042, -0.0072582889622590241, 0.0, -0.018771299851610853, -0.011941505904627914, 0.0], [-0.27024796189781103, 0.69636715018847373, 0.015173093671440588, -0.073665563740374029, -0.051464664076703193, 0.21373516586429864, -0.034909871163630667, 0.0, 0.0, 0.015116592495755102, 3.0846181511215707, 0.18278742827384759, -0.017148018204458187, 0.02641224332873331, 0.019291778329983449, -0.0012795531240993978, 0.0, 0.058955420640084945, 0.58275646696896732, 0.0], [0.068058510773293029, 0.24876410009799071, 0.16751631784490456, -0.25877363371617407, 0.53194082499590656, 0.35210287111234301, 0.46202803379695562, 0.0, 0.0, 0.0022164884170530162, 0.18278742827384759, 3.4280652522457813, -0.061803136610710713, -0.031373350134496686, 0.50505307201728644, -0.11895751488682908, 0.0, -0.077064369796141161, -0.0067417683466009081, 0.0], [-0.031745603030042938, -0.014684290527718472, 0.029954380260363629, -0.034109233972488141, -0.055866722177784496, -0.06570801008584401, 0.00095633313241355882, 0.0, 0.0, -0.037295017897105438, -0.017148018204458187, -0.061803136610710713, 0.045622391805949181, 0.0041043538005030048, -0.0018687552592271228, 0.017235116579038479, 0.0, 0.021379927388703143, 0.0015214896097284895, 0.0], [-0.049353637177954213, -0.013342096234829329, -0.021129764225046321, 0.052524689905621043, 0.039902476673549375, 0.0088445601459078895, -0.1070870739720881, 0.0, 0.0, 0.00020683484974500028, 0.02641224332873331, -0.031373350134496686, 0.0041043538005030048, 0.049890151412482896, -0.0092711046687060372, 0.009753455094505304, 0.0, 0.0058534516556209932, -0.046197784331595049, 0.0], [0.014954249886220856, -0.13664077522239071, 0.019934182902626319, 0.00012217353493884474, 0.1245766378554846, -0.023862177063957952, 0.043117803443770128, 0.0, 0.0, -0.044545691172871042, 0.019291778329983449, 0.50505307201728644, -0.0018687552592271228, -0.0092711046687060372, 0.86616163014025394, -0.053333127633325483, 0.0, 0.027715715532502343, 0.24400827361200014, 0.0], [-0.019565889202925422, -0.0004653521224248014, -0.01678561405104714, 0.013121688815005472, -0.024516819945886534, -0.024469074992977648, -0.061444361185221862, 0.0, 0.0, -0.0072582889622590241, -0.0012795531240993978, -0.11895751488682908, 0.017235116579038479, 0.009753455094505304, -0.053333127633325483, 0.023745774558322996, 0.0, 0.01371639288175865, -0.01365519521270009, 0.0], [0.0, 0.0, 0.0, 0.0, 0.0, 0.0, 0.0, 0.0, 0.0, 0.0, 0.0, 0.0, 0.0, 0.0, 0.0, 0.0, 0.0, 0.0, 0.0, 0.0], [-0.048984309142338554, 0.25145010213271696, -0.063975781518207583, 0.33151391154119214, 0.24299058658104716, 0.26187840399810908, -0.2847046171075604, 0.0, 0.0, -0.018771299851610853, 0.058955420640084945, -0.077064369796141161, 0.021379927388703143, 0.0058534516556209932, 0.027715715532502343, 0.01371639288175865, 0.0, 1.6093577264950913, 0.03259295533426864, 0.0], [0.088389380799222636, 0.35763674592705164, 0.023403614465463778, 0.15685848868144048, 0.045774850404426366, 0.38183602126965499, 0.44221871493474524, 0.0, 0.0, -0.011941505904627914, 0.58275646696896732, -0.0067417683466009081, 0.0015214896097284895, -0.046197784331595049, 0.24400827361200014, -0.01365519521270009, 0.0, 0.03259295533426864, 2.7495631489598513, 0.0], [0.0, 0.0, 0.0, 0.0, 0.0, 0.0, 0.0, 0.0, 0.0, 0.0, 0.0, 0.0, 0.0, 0.0, 0.0, 0.0, 0.0, 0.0, 0.0, 0.0]]}