{"name":"my_name","description":"my comment","parameter":{"S":{"partition_id":"identical_population","group":{"all":{"min":0.95,"guess":0.972715,"max":1,"sd_transf":0.02,"distribution":"uniform","transformation":"logit"}}},"I1":{"partition_id":"identical_population","group":{"all":{"min":3,"guess":7.87799,"max":8,"sd_transf":0.01,"distribution":"uniform","transformation":"scale_pow10_neg"}}},"I2":{"partition_id":"identical_population","group":{"all":{"min":3,"guess":3.33946,"max":8,"sd_transf":0.01,"distribution":"uniform","transformation":"scale_pow10_neg"}}},"R1":{"partition_id":"identical_population","group":{"all":{"min":0,"guess":0,"max":0,"sd_transf":0,"distribution":"uniform","transformation":"log"}}},"R2":{"partition_id":"identical_population","group":{"all":{"min":0,"guess":0,"max":0,"sd_transf":0,"distribution":"uniform","transformation":"log"}}},"S1":{"partition_id":"identical_population","group":{"all":{"min":0,"guess":1.00611e-8,"max":0.05,"sd_transf":0.02,"distribution":"uniform","transformation":"logit"}}},"S2":{"partition_id":"identical_population","group":{"all":{"min":0,"guess":0.0000791444,"max":0.05,"sd_transf":0.02,"distribution":"uniform","transformation":"logit"}}},"I12":{"partition_id":"identical_population","group":{"all":{"min":0,"guess":0,"max":0,"sd_transf":0,"distribution":"uniform","transformation":"logit"}}},"I21":{"partition_id":"identical_population","group":{"all":{"min":0,"guess":0,"max":0,"sd_transf":0,"distribution":"uniform","transformation":"logit"}}},"beta":{"partition_id":"identical_population","group":{"all":{"min":3,"guess":4.48371,"max":20,"sd_transf":0.02,"distribution":"normal","unit":"M","transformation":"log"}}},"psi":{"partition_id":"identical_population","group":{"all":{"min":0,"guess":1.81254,"max":2,"sd_transf":0.02,"distribution":"uniform","transformation":"log"}}},"i":{"partition_id":"identical_population","group":{"all":{"min":3,"guess":7.99941,"max":8,"sd_transf":0.02,"distribution":"uniform","transformation":"scale_pow10_neg"}}},"gamma":{"partition_id":"identical_population","group":{"all":{"min":3,"guess":4.70715,"max":9,"sd_transf":0.02,"distribution":"normal","unit":"D","transformation":"log","type":"rate_as_duration"}}},"alpha":{"partition_id":"identical_population","group":{"all":{"min":150,"guess":421.541,"max":450,"sd_transf":0.02,"distribution":"normal","unit":"D","transformation":"log","type":"rate_as_duration"}}},"sto":{"partition_id":"identical_population","group":{"all":{"min":0.1,"guess":0.1,"max":0.1,"sd_transf":0,"distribution":"uniform","transformation":"log"}}},"e":{"partition_id":"identical_population","group":{"all":{"min":0,"guess":0.595259,"max":0.6,"sd_transf":0.02,"distribution":"uniform","transformation":"log"}}},"d":{"partition_id":"identical_population","group":{"all":{"min":-1,"guess":0.168171,"max":1,"sd_transf":0.02,"distribution":"uniform","transformation":"logit_ab"}}},"rep":{"partition_id":"variable_time_series","group":{"MadeiraMildCases__ecdc__inc":{"transformation":"logit","min":0,"max":1,"guess":0.916872,"sd_transf":0.02,"distribution":"uniform"},"MadeiraSevereCases__ecdc__inc":{"transformation":"logit","min":1,"max":1,"guess":1,"sd_transf":0,"distribution":"uniform"}},"transformation":"log"},"phi":{"partition_id":"identical_time_series","group":{"all":{"min":0.1,"guess":0.1,"max":0.1,"sd_transf":0,"distribution":"uniform","transformation":"logit"}}}},"type":"theta","partition":{"variable_population":{"group":[{"id":"Madeira__all","population_id":["Madeira__all"]}]},"variable_time_series":{"group":[{"id":"MadeiraMildCases__ecdc__inc","time_series_id":["MadeiraMildCases__ecdc__inc"]},{"id":"MadeiraSevereCases__ecdc__inc","time_series_id":["MadeiraSevereCases__ecdc__inc"]}]},"identical_population":{"group":[{"id":"all","population_id":["Madeira__all"]}]},"identical_time_series":{"group":[{"id":"all","time_series_id":["MadeiraMildCases__ecdc__inc","MadeiraSevereCases__ecdc__inc"]}]}},"covariance":[["S:all","I1:all","I2:all","R1:all","R2:all","S1:all","S2:all","I12:all","I21:all","beta:all","psi:all","i:all","gamma:all","alpha:all","e:all","d:all","sto:all","rep:MadeiraMildCases__ecdc__inc","rep:MadeiraSevereCases__ecdc__inc","phi:all"],[1.77933,-0.138636,0.0156716,0,0,0.206912,0.0617026,0,0,-0.0134506,-0.306406,0.0483715,0.00138278,-0.0403508,0.0880179,-0.00385474,0,-0.0875264,0,0],[-0.138636,0.709118,-0.0277462,0,0,-0.0919215,0.143317,0,0,0.00685276,-0.0907009,0.018735,-0.0106208,0.00473494,0.055007,-0.00440524,0,-0.107902,0,0],[0.0156716,-0.0277462,0.0826823,0,0,0.0100044,-0.00532853,0,0,0.00720234,-0.0473345,-0.00387443,-0.00238365,-0.0151566,0.00879391,0.0032046,0,0.0804357,0,0],[0,0,0,0,0,0,0,0,0,0,0,0,0,0,0,0,0,0,0,0],[0,0,0,0,0,0,0,0,0,0,0,0,0,0,0,0,0,0,0,0],[0.206912,-0.0919215,0.0100044,0,0,1.53007,-0.098022,0,0,-0.00784278,0.164825,-0.0180047,0.0054255,-0.02468,-0.168556,-0.00348977,0,0.100997,0,0],[0.0617026,0.143317,-0.00532853,0,0,-0.098022,1.20713,0,0,0.000187384,0.0815354,-0.152274,0.00293798,0.00911171,0.079682,0.000496201,0,0.0955139,0,0],[0,0,0,0,0,0,0,0,0,0,0,0,0,0,0,0,0,0,0,0],[0,0,0,0,0,0,0,0,0,0,0,0,0,0,0,0,0,0,0,0],[-0.0134506,0.00685276,0.00720234,0,0,-0.00784278,0.000187384,0,0,0.00953472,0.0126129,-0.0113539,-0.00914385,-0.000124134,0.000975099,-0.000206348,0,-0.00103535,0,0],[-0.306406,-0.0907009,-0.0473345,0,0,0.164825,0.0815354,0,0,0.0126129,3.23045,0.00587534,-0.0182838,0.0584627,0.194415,0.00176438,0,-0.0644083,0,0],[0.0483715,0.018735,-0.00387443,0,0,-0.0180047,-0.152274,0,0,-0.0113539,0.00587534,2.06759,0.00448768,-0.0329176,-0.139061,-0.00765314,0,0.0369565,0,0],[0.00138278,-0.0106208,-0.00238365,0,0,0.0054255,0.00293798,0,0,-0.00914385,-0.0182838,0.00448768,0.0113103,0.000348481,-0.00586749,0.00211008,0,0.00174235,0,0],[-0.0403508,0.00473494,-0.0151566,0,0,-0.02468,0.00911171,0,0,-0.000124134,0.0584627,-0.0329176,0.000348481,0.0343177,0.0137183,0.000382094,0,-0.0174774,0,0],[0.0880179,0.055007,0.00879391,0,0,-0.168556,0.079682,0,0,0.000975099,0.194415,-0.139061,-0.00586749,0.0137183,1.41102,-0.00416062,0,0.00727933,0,0],[-0.00385474,-0.00440524,0.0032046,0,0,-0.00348977,0.000496201,0,0,-0.000206348,0.00176438,-0.00765314,0.00211008,0.000382094,-0.00416062,0.00295123,0,0.000723584,0,0],[0,0,0,0,0,0,0,0,0,0,0,0,0,0,0,0,0,0,0,0],[-0.0875264,-0.107902,0.0804357,0,0,0.100997,0.0955139,0,0,-0.00103535,-0.0644083,0.0369565,0.00174235,-0.0174774,0.00727933,0.000723584,0,1.36332,0,0],[0,0,0,0,0,0,0,0,0,0,0,0,0,0,0,0,0,0,0,0],[0,0,0,0,0,0,0,0,0,0,0,0,0,0,0,0,0,0,0,0]]}
