{"name":"my_name","description":"my comment","parameter":{"S":{"partition_id":"identical_population","group":{"all":{"min":0.95,"guess":0.954334,"max":1,"sd_transf":0.02,"distribution":"uniform","transformation":"logit"}}},"I1":{"partition_id":"identical_population","group":{"all":{"min":0,"guess":1.1312e-8,"max":1,"sd_transf":0.01,"distribution":"uniform","transformation":"logit"}}},"I2":{"partition_id":"identical_population","group":{"all":{"min":0,"guess":0.000318487,"max":1,"sd_transf":0.01,"distribution":"uniform","transformation":"logit"}}},"R1":{"partition_id":"identical_population","group":{"all":{"min":0,"guess":7.01876e-7,"max":1,"sd_transf":0.01,"distribution":"uniform","transformation":"logit"}}},"R2":{"partition_id":"identical_population","group":{"all":{"min":0,"guess":0.017499,"max":1,"sd_transf":0.01,"distribution":"uniform","transformation":"logit"}}},"S1":{"partition_id":"identical_population","group":{"all":{"min":0,"guess":1.65006e-8,"max":0.05,"sd_transf":0.02,"distribution":"uniform","transformation":"logit"}}},"S2":{"partition_id":"identical_population","group":{"all":{"min":0,"guess":0.00412469,"max":0.05,"sd_transf":0.02,"distribution":"uniform","transformation":"logit"}}},"I12":{"partition_id":"identical_population","group":{"all":{"min":0,"guess":0,"max":0,"sd_transf":0,"distribution":"uniform","transformation":"logit"}}},"I21":{"partition_id":"identical_population","group":{"all":{"min":0,"guess":0,"max":0,"sd_transf":0,"distribution":"uniform","transformation":"logit"}}},"beta":{"partition_id":"identical_population","group":{"all":{"min":3,"guess":10.4958,"max":20,"sd_transf":0.02,"distribution":"normal","unit":"M","transformation":"log"}}},"psi":{"partition_id":"identical_population","group":{"all":{"min":0,"guess":1.05154,"max":2,"sd_transf":0.02,"distribution":"uniform","transformation":"log"}}},"i":{"partition_id":"identical_population","group":{"all":{"min":0,"guess":8.71146e-13,"max":0.001,"sd_transf":0.02,"distribution":"uniform","transformation":"log"}}},"gamma":{"partition_id":"identical_population","group":{"all":{"min":3,"guess":2.03747,"max":9,"sd_transf":0.02,"distribution":"normal","unit":"D","transformation":"log","type":"rate_as_duration"}}},"alpha":{"partition_id":"identical_population","group":{"all":{"min":150,"guess":212.605,"max":450,"sd_transf":0.02,"distribution":"normal","unit":"D","transformation":"log","type":"rate_as_duration"}}},"sto":{"partition_id":"identical_population","group":{"all":{"min":0.1,"guess":0.1,"max":0.1,"sd_transf":0,"distribution":"uniform","transformation":"log"}}},"e":{"partition_id":"identical_population","group":{"all":{"min":0,"guess":0.570459,"max":0.6,"sd_transf":0.02,"distribution":"uniform","transformation":"log"}}},"d":{"partition_id":"identical_population","group":{"all":{"min":-1,"guess":-0.793686,"max":1,"sd_transf":0.02,"distribution":"uniform","transformation":"logit_ab"}}},"rep":{"partition_id":"variable_time_series","group":{"MadeiraMildCases__ecdc__inc":{"transformation":"logit","min":0,"max":1,"guess":0.699854,"sd_transf":0.02,"distribution":"uniform"},"MadeiraSevereCases__ecdc__inc":{"transformation":"logit","min":0.9,"max":1,"guess":0.975092,"sd_transf":0.02,"distribution":"uniform"}},"transformation":"log"},"phi":{"partition_id":"identical_time_series","group":{"all":{"min":0.1,"guess":0.1,"max":0.1,"sd_transf":0,"distribution":"uniform","transformation":"logit"}}}},"type":"theta","partition":{"variable_population":{"group":[{"id":"Madeira__all","population_id":["Madeira__all"]}]},"variable_time_series":{"group":[{"id":"MadeiraMildCases__ecdc__inc","time_series_id":["MadeiraMildCases__ecdc__inc"]},{"id":"MadeiraSevereCases__ecdc__inc","time_series_id":["MadeiraSevereCases__ecdc__inc"]}]},"identical_population":{"group":[{"id":"all","population_id":["Madeira__all"]}]},"identical_time_series":{"group":[{"id":"all","time_series_id":["MadeiraMildCases__ecdc__inc","MadeiraSevereCases__ecdc__inc"]}]}},"covariance":[["S:all","I1:all","I2:all","R1:all","R2:all","S1:all","S2:all","I12:all","I21:all","beta:all","psi:all","i:all","gamma:all","alpha:all","e:all","d:all","sto:all","rep:MadeiraMildCases__ecdc__inc","rep:MadeiraSevereCases__ecdc__inc","phi:all"],[1.54089,0.0821453,-0.00566865,-0.0705576,-0.358323,0.0605774,-0.248168,0,0,-0.00449389,-0.314702,-0.125402,-0.00790902,-0.00892625,-0.02968,-0.00469459,0,-0.0298437,0.132237,0],[0.0821453,2.24616,0.102496,0.455521,0.0443384,0.447521,-0.216988,0,0,0.00477813,0.00846366,0.0173023,-0.00544141,0.00376117,-0.0519747,0.00111441,0,-0.227122,0.251805,0],[-0.00566865,0.102496,0.250816,-0.082827,0.0150737,-0.0786806,-0.0138098,0,0,-0.0299514,0.0968294,0.152104,0.023475,0.00381084,-0.0041506,-0.0255152,0,-0.16896,-0.079937,0],[-0.0705576,0.455521,-0.082827,1.68139,-0.127766,0.376074,0.188119,0,0,0.0288994,-0.277394,-0.481653,-0.00420296,0.0199914,-0.330524,0.047042,0,0.280522,0.0600024,0],[-0.358323,0.0443384,0.0150737,-0.127766,0.562827,-0.100559,-0.103228,0,0,-0.0127344,0.293622,0.11205,0.0107477,0.0131036,0.0644828,-0.00175469,0,-0.0286508,-0.0163503,0],[0.0605774,0.447521,-0.0786806,0.376074,-0.100559,1.68079,-0.0448782,0,0,-0.00230802,-0.510681,-0.301659,0.00684161,-0.0132131,-0.107638,0.0118339,0,0.0291278,-0.100474,0],[-0.248168,-0.216988,-0.0138098,0.188119,-0.103228,-0.0448782,1.42035,0,0,0.00404538,-0.156697,0.0159109,-0.00421259,-0.0190373,-0.052144,-0.00410407,0,0.196382,-0.215891,0],[0,0,0,0,0,0,0,0,0,0,0,0,0,0,0,0,0,0,0,0],[0,0,0,0,0,0,0,0,0,0,0,0,0,0,0,0,0,0,0,0],[-0.00449389,0.00477813,-0.0299514,0.0288994,-0.0127344,-0.00230802,0.00404538,0,0,0.0406861,-0.00309755,-0.0396313,-0.0409129,-0.0017347,-0.0464992,-0.00644814,0,-0.0277453,0.0273909,0],[-0.314702,0.00846366,0.0968294,-0.277394,0.293622,-0.510681,-0.156697,0,0,-0.00309755,2.51317,0.39867,-0.00937789,0.0177021,0.156371,-0.0170138,0,-0.0418149,0.190352,0],[-0.125402,0.0173023,0.152104,-0.481653,0.11205,-0.301659,0.0159109,0,0,-0.0396313,0.39867,2.24829,-0.00311465,0.0181319,0.540504,-0.0814664,0,-0.320711,0.0230508,0],[-0.00790902,-0.00544141,0.023475,-0.00420296,0.0107477,0.00684161,-0.00421259,0,0,-0.0409129,-0.00937789,-0.00311465,0.0472358,0.00320993,-0.00763972,0.0166832,0,0.0308964,-0.026262,0],[-0.00892625,0.00376117,0.00381084,0.0199914,0.0131036,-0.0132131,-0.0190373,0,0,-0.0017347,0.0177021,0.0181319,0.00320993,0.0472881,-0.0113614,0.00152085,0,0.00385243,0.0172362,0],[-0.02968,-0.0519747,-0.0041506,-0.330524,0.0644828,-0.107638,-0.052144,0,0,-0.0464992,0.156371,0.540504,-0.00763972,-0.0113614,0.871149,-0.0589758,0,0.0114725,0.0381566,0],[-0.00469459,0.00111441,-0.0255152,0.047042,-0.00175469,0.0118339,-0.00410407,0,0,-0.00644814,-0.0170138,-0.0814664,0.0166832,0.00152085,-0.0589758,0.0295033,0,0.0304359,0.00381782,0],[0,0,0,0,0,0,0,0,0,0,0,0,0,0,0,0,0,0,0,0],[-0.0298437,-0.227122,-0.16896,0.280522,-0.0286508,0.0291278,0.196382,0,0,-0.0277453,-0.0418149,-0.320711,0.0308964,0.00385243,0.0114725,0.0304359,0,1.08303,0.00600886,0],[0.132237,0.251805,-0.079937,0.0600024,-0.0163503,-0.100474,-0.215891,0,0,0.0273909,0.190352,0.0230508,-0.026262,0.0172362,0.0381566,0.00381782,0,0.00600886,2.22645,0],[0,0,0,0,0,0,0,0,0,0,0,0,0,0,0,0,0,0,0,0]]}
